ETSY:
P/R: [12672.157138374649 12032.19434819287 11453.762309689298 10928.394030733842 10449.107865415957]
P/E: [65172.15471195444 57508.11825964707 51456.94634084696 46557.979913583054 42510.73856277073]
grossProfitRatio: [0.7060305877970644 0.7162663780361894 0.7265021682753143 0.7367379585144394 0.7469737487535644]
ebitdaratio: [0.2844525 0.313719 0.34298550000000005 0.3722520000000001 0.4015185000000001]
operatingIncomeRatio: [0.23278610000000002 0.2640502 0.29531430000000003 0.32657840000000005 0.35784250000000006]
incomeBeforeTaxRatio: [0.18801510000000005 0.21227860000000004 0.23654210000000003 0.2608056000000001 0.2850691000000001]
netIncomeRatio: [0.1662333 0.1808048 0.1953763 0.20994780000000002 0.22451930000000003]
AAPL:
P/R: [9293.767694236572 9198.212485017406 9104.60220795209 9012.878080503835 8922.983665323132]
P/E: [42271.66693643412 41825.00828576455 41387.690073769736 40959.42234405506 40539.92701884572]
grossProfitRatio: [0.37264979277419374 0.3731998807864826 0.37374996879877137 0.37430005681106016 0.37485014482334894]
ebitdaratio: [0.3655778251612904 0.36843825108448547 0.37129867700768054 0.3741591029308756 0.3770195288540707]
operatingIncomeRatio: [0.3114930086451612 0.3142779060522273 0.31706280345929333 0.3198477008663594 0.32263259827342544]
incomeBeforeTaxRatio: [0.3198011087741936 0.32249858211981575 0.32519605546543784 0.32789352881106 0.33059100215668213]
netIncomeRatio: [0.24768279109677416 0.24986505457450076 0.2520473180522273 0.2542295815299539 0.2564118450076805]
SPCE:
P/R: [1099.8180236517364 1070.7015954393767 1043.087054941482 1016.8611180012671 991.9216140766687]
P/E: [-7.743038018580476 -6.691006823367549 -5.890655201969773 -5.261317348661455 -4.753472303780623]
grossProfitRatio: [0.2305507 0.2578616 0.28517250000000005 0.3124834 0.33979430000000005]
ebitdaratio: [-132.3410505 -156.65281519999996 -180.96457989999996 -205.27634459999996 -229.58810929999996]
operatingIncomeRatio: [-139.3731564 -164.9916438 -190.61013119999998 -216.22861859999998 -241.84710599999997]
incomeBeforeTaxRatio: [-137.15435079999997 -162.3543508 -187.55435079999998 -212.75435079999997 -237.95435079999996]
netIncomeRatio: [-137.0609917 -162.24166399999996 -187.42233629999998 -212.60300859999995 -237.78368089999998]
ZM:
P/R: [59.75807075277677 51.66950872634481 45.509556358946256 40.66191133285628 36.747585143104885]
P/E: [224.45762222671948 181.70534832617903 152.63338305310316 131.58105851276616 115.63220937858185]
grossProfitRatio: [0.6717801000000001 0.6395746000000002 0.6073691000000003 0.5751636000000004 0.5429581000000006]
ebitdaratio: [0.29799869999999995 0.35163619999999995 0.40527369999999996 0.45891119999999996 0.5125487]
operatingIncomeRatio: [0.26893570000000006 0.33091400000000004 0.3928923000000001 0.45487060000000007 0.5168489]
incomeBeforeTaxRatio: [0.2738188 0.331581 0.3893432 0.4471054 0.5048676]
netIncomeRatio: [0.26888399999999996 0.32607719999999996 0.38327039999999996 0.44046359999999996 0.49765679999999995]
DDOG:
P/R: [50.63420911350256 46.25869176360164 42.57923866670226 39.44199133776246 36.73532481959968]
P/E: [1413.7219121192782 1056.0228596117176 842.7825379420408 701.1923444039958 600.3342480990741]
grossProfitRatio: [0.8139831844028598 0.8272743508513897 0.8405655172999196 0.8538566837484496 0.8671478501969795]
ebitdaratio: [0.10745920000000002 0.13152640000000002 0.15559360000000003 0.17966080000000004 0.20372800000000005]
operatingIncomeRatio: [0.037738299999999995 0.05554939999999998 0.07336049999999997 0.09117159999999996 0.10898269999999996]
incomeBeforeTaxRatio: [0.0542837 0.0736696 0.09305549999999999 0.1124414 0.1318273]
netIncomeRatio: [0.051193799999999984 0.07036659999999999 0.08953939999999998 0.10871219999999997 0.12788499999999997]
SHOP:
P/R: [41.430706078903235 37.38011122514854 34.051013704707046 31.266406762300203 28.902807295129584]
P/E: [937.2878517367611 611.1426914656818 453.38107754377427 360.3576284438184 299.0080094843448]
grossProfitRatio: [0.5160770000000001 0.5071276000000002 0.49817820000000024 0.4892288000000003 0.48027940000000036]
ebitdaratio: [0.011909300000000001 0.019783799999999994 0.027658299999999993 0.03553279999999999 0.04340729999999998]
operatingIncomeRatio: [-0.03658610000000001 -0.021067000000000016 -0.005547900000000022 0.009971199999999972 0.02549029999999998]
incomeBeforeTaxRatio: [-0.02846 -0.01792479999999999 -0.007389599999999996 0.0031455999999999984 0.013680799999999993]
netIncomeRatio: [0.057511199999999985 0.09538419999999997 0.13325719999999996 0.17113019999999995 0.20900319999999994]
NET:
P/R: [37.476162564769844 34.83044777200072 32.53366015939815 30.521043090751157 28.742930448631537]
P/E: [-130.5840978790924 -128.60950559208638 -126.69374030005169 -124.83421172952394 -123.02847948070763]
grossProfitRatio: [0.7583706706313483 0.7527696240222818 0.7471685774132152 0.7415675308041486 0.735966484195082]
ebitdaratio: [-0.1466445 -0.11565740000000005 -0.08467030000000009 -0.053683200000000125 -0.022696100000000163]
operatingIncomeRatio: [-0.29432480000000005 -0.2691882000000001 -0.24405160000000012 -0.21891500000000017 -0.1937784000000002]
incomeBeforeTaxRatio: [-0.30196110000000004 -0.2816830000000001 -0.26140490000000016 -0.2411268000000002 -0.22084870000000023]
netIncomeRatio: [-0.2840276000000001 -0.25862500000000016 -0.2332224000000002 -0.20781980000000025 -0.1824172000000003]
MA:
P/R: [21.226218455852624 22.53675199264254 24.019762464876152 25.711697327923872 27.660051546391724]
P/E: [53.562757741347916 60.987958354073335 70.80312530097274 84.38347681359042 104.40972163045015]
grossProfitRatio: [0.9999999999999999 1 1 1.0000000000000002 1.0000000000000002]
ebitdaratio: [0.5386639000000001 0.5175360000000001 0.49640810000000013 0.47528020000000015 0.45415230000000023]
operatingIncomeRatio: [0.5013790000000001 0.4829056000000002 0.4644322000000003 0.4459588000000004 0.42748540000000046]
incomeBeforeTaxRatio: [0.46365200000000006 0.4353482000000001 0.40704440000000014 0.3787406000000002 0.35043680000000027]
netIncomeRatio: [0.4005677000000001 0.38117800000000013 0.3617883000000002 0.3423986000000002 0.32300890000000027]
OKTA:
P/R: [32.258455493646956 30.146444311974648 28.29399266864937 26.656021993395747 25.197321077507063]
P/E: [-108.65135001945985 -103.99638053015926 -99.72389175403096 -95.78860351318306 -92.15211164597658]
grossProfitRatio: [0.7469792 0.7513172000000001 0.7556552000000002 0.7599932000000003 0.7643312000000003]
ebitdaratio: [-0.164862 -0.14004120000000003 -0.11522040000000006 -0.09039960000000008 -0.0655788000000001]
operatingIncomeRatio: [-0.22238930000000007 -0.19689100000000012 -0.17139270000000018 -0.1458944000000002 -0.12039610000000023]
incomeBeforeTaxRatio: [-0.2918049 -0.27940180000000003 -0.26699870000000003 -0.2545956000000001 -0.2421925000000001]
netIncomeRatio: [-0.29398980000000013 -0.28280940000000016 -0.27162900000000023 -0.2604486000000003 -0.24926820000000036]
V:
P/R: [20.231635921466275 21.190677808151086 22.245167286245344 23.41009951956073 24.703784312305334]
P/E: [40.09778792272423 42.420008705745765 45.02774257425739 47.977093492122975 51.33989513822681]
grossProfitRatio: [0.7712472000000002 0.7595454000000004 0.7478436000000005 0.7361418000000005 0.7244400000000006]
ebitdaratio: [0.6323728000000001 0.6275706000000001 0.6227684000000002 0.6179662000000002 0.6131640000000003]
operatingIncomeRatio: [0.6353061000000002 0.6316436000000002 0.6279811000000003 0.6243186000000004 0.6206561000000004]
incomeBeforeTaxRatio: [0.6179918 0.6117658 0.6055398000000001 0.5993138000000001 0.5930878000000002]
netIncomeRatio: [0.5022893 0.49760000000000015 0.49291070000000026 0.4882214000000003 0.48353210000000035]
DOCU:
P/R: [27.57624378001769 25.70464726059314 24.070954335856886 22.632514857689824 21.356298609712734]
P/E: [-186.58664926264385 -189.06542029679264 -191.61093813068572 -194.22593553171467 -196.91329651241614]
grossProfitRatio: [0.7427047000000001 0.7415852000000002 0.7404657000000002 0.7393462000000003 0.7382267000000003]
ebitdaratio: [-0.05652660000000001 -0.03599880000000001 -0.015471000000000013 0.005056799999999972 0.025584599999999957]
operatingIncomeRatio: [-0.11083120000000005 -0.08661760000000007 -0.0624040000000001 -0.038190400000000124 -0.01397680000000015]
incomeBeforeTaxRatio: [-0.12662620000000002 -0.10371460000000007 -0.0808030000000001 -0.05789140000000012 -0.034979800000000144]
netIncomeRatio: [-0.13069690000000006 -0.10758820000000008 -0.08447950000000012 -0.06137080000000014 -0.03826210000000016]
TEAM:
P/R: [25.73981020627474 24.468178035766414 23.316276485675573 22.267955970659592 21.30984633843984]
P/E: [-43.26585815210922 -36.339804621212814 -31.325223114566274 -27.52676546037181 -24.549877768943954]
grossProfitRatio: [0.8419093999999999 0.8458468 0.8497842000000001 0.8537216000000001 0.8576590000000002]
ebitdaratio: [-0.6400739 -0.7750822 -0.9100905 -1.0450987999999999 -1.1801070999999999]
operatingIncomeRatio: [0.030220000000000025 0.044503400000000026 0.05878680000000003 0.07307020000000003 0.08735360000000005]
incomeBeforeTaxRatio: [-0.6608355999999999 -0.7915795999999997 -0.9223235999999997 -1.0530675999999997 -1.1838115999999996]
netIncomeRatio: [-0.5832559999999999 -0.6779196 -0.7725831999999999 -0.8672467999999999 -0.9619103999999998]
LYFT:
P/R: [3.4737062549164155 4.379862207924929 5.9256306433549994 9.157581857323507 20.14510230163028]
P/E: [-5.611274704552044 -6.615835194534038 -8.058513497355898 -10.30585352956292 -14.291409517858556]
grossProfitRatio: [0.16093674306567013 0.14832283406823382 0.13570892507079746 0.12309501607336114 0.1104811070759248]
ebitdaratio: [-0.9402354000000002 -1.0524442 -1.1646530000000002 -1.2768618000000003 -1.3890706000000002]
operatingIncomeRatio: [-1.0792651 -1.203363 -1.3274609 -1.4515588 -1.5756567000000001]
incomeBeforeTaxRatio: [-1.0689177 -1.1977824 -1.3266471 -1.4555118 -1.5843765]
netIncomeRatio: [-0.9631219000000001 -1.0653256000000002 -1.1675293000000004 -1.2697330000000004 -1.3719367000000005]
GPRO:
P/R: [1.589805578743079 2.06463974029662 2.94391024434687 5.127612474229584 19.856711064228065]
P/E: [-5.481057202990513 -4.706624271687527 -4.12394173954148 -3.6696385757550267 -3.305497196226272]
grossProfitRatio: [0.33079910467943896 0.33280843613402006 0.3348177675886012 0.33682709904318237 0.3388364304977635]
ebitdaratio: [-0.3635059 -0.416875 -0.4702441 -0.5236132 -0.5769823000000001]
operatingIncomeRatio: [-0.40247520000000003 -0.45735400000000004 -0.5122328 -0.5671116 -0.6219904]
incomeBeforeTaxRatio: [-0.4450914 -0.5052636 -0.5654358 -0.625608 -0.6857802000000001]
netIncomeRatio: [-0.4610565 -0.5254524 -0.5898483000000001 -0.6542442 -0.7186401000000001]
SNAP:
P/R: [24.306363054085047 22.994636626956606 21.81723920362753 20.75454165947106 19.790561702063645]
P/E: [-56.73438981625106 -56.1045128563289 -55.48846837460048 -54.885805665593594 -54.29609339398422]
grossProfitRatio: [0.5144048587550135 0.5180878357630316 0.5217708127710499 0.5254537897790681 0.5291367667870863]
ebitdaratio: [-0.3540660129880001 -0.32592654123500014 -0.2977870694820002 -0.2696475977290002 -0.24150812597600024]
operatingIncomeRatio: [-0.3960482603640001 -0.3661169254550002 -0.3361855905460003 -0.30625425563700037 -0.2763229207280004]
incomeBeforeTaxRatio: [-0.4786767306264 -0.46395111328300004 -0.4492254959396001 -0.43449987859620015 -0.41977426125280015]
netIncomeRatio: [-0.47999004129120015 -0.4658249016140002 -0.45165976193680024 -0.43749462225960034 -0.4233294825824004]
MDB:
P/R: [22.968319532004113 21.548367195191446 20.293761927631177 19.17721185265259 18.177118190806393]
P/E: [-47.825290207649346 -43.808651731419566 -40.41442006212428 -37.5083284298282 -34.99213840510657]
grossProfitRatio: [0.7053713000000001 0.7054788000000003 0.7055863000000003 0.7056938000000005 0.7058013000000005]
ebitdaratio: [-0.32930630000000005 -0.3312356000000001 -0.33316490000000015 -0.3350942000000002 -0.3370235000000002]
operatingIncomeRatio: [-0.3284843000000001 -0.32154200000000016 -0.3145997000000002 -0.30765740000000025 -0.3007151000000003]
incomeBeforeTaxRatio: [-0.46943350000000006 -0.48247900000000005 -0.4955245000000001 -0.5085700000000002 -0.5216155000000002]
netIncomeRatio: [-0.49261610000000006 -0.5134750000000001 -0.5343339000000001 -0.5551928000000002 -0.5760517000000003]
TWTR:
P/R: [14.051452119250373 14.71790376322086 15.450721903714266 16.260339349056185 17.159496543214964]
P/E: [-6.713904561919011 -5.0537990921875 -4.051908781075588 -3.381536197723299 -2.9014950943610294]
grossProfitRatio: [0.5909145 0.5716486000000001 0.5523827000000001 0.5331168000000002 0.5138509000000002]
ebitdaratio: [-0.14108779999999987 -0.2428809999999999 -0.3446741999999998 -0.44646739999999974 -0.5482605999999997]
operatingIncomeRatio: [-0.34102129999999997 -0.44621180000000005 -0.5514023 -0.6565928 -0.7617832999999999]
incomeBeforeTaxRatio: [-0.36417199999999994 -0.4773628 -0.5905536 -0.7037443999999999 -0.8169351999999999]
netIncomeRatio: [-2.1313264 -2.8061810000000005 -3.4810356000000002 -4.1558902 -4.8307448]
VRSN:
P/R: [17.34121163803111 17.218696565329022 17.097900477731066 16.97878744915578 16.861322547716036]
P/E: [27.23883943185538 26.735712112981282 26.250834192303927 25.783230445159894 25.33199391715036]
grossProfitRatio: [0.8607639682971762 0.8623430918417117 0.8639222153862471 0.8655013389307827 0.8670804624753182]
ebitdaratio: [0.6881779453360002 0.6794965066700003 0.6708150680040004 0.6621336293380005 0.6534521906720006]
operatingIncomeRatio: [0.6582755862264001 0.6581699827830002 0.6580643793396004 0.6579587758962004 0.6578531724528006]
incomeBeforeTaxRatio: [0.5817331770152002 0.5739907712690003 0.5662483655228004 0.5585059597766006 0.5507635540304007]
netIncomeRatio: [0.6392592794 0.6477678742500002 0.6562764691000003 0.6647850639500004 0.6732936588000005]
NVDA:
P/R: [20.794286880228526 19.482469891034217 18.32634418270095 17.299745374299775 16.382060761935374]
P/E: [97.57089516515079 95.76020671834625 94.01549815498154 92.33322763306906 90.71010235870045]
grossProfitRatio: [0.6233091000000001 0.6229932000000001 0.6226773000000002 0.6223614000000003 0.6220455000000004]
ebitdaratio: [0.32868030000000004 0.3294802000000001 0.33028010000000013 0.33108000000000015 0.33187990000000017]
operatingIncomeRatio: [0.23760440000000008 0.22793360000000012 0.21826280000000015 0.2085920000000002 0.19892120000000024]
incomeBeforeTaxRatio: [0.22490920000000006 0.20945200000000008 0.19399480000000013 0.17853760000000016 0.16308040000000018]
netIncomeRatio: [0.22338960000000002 0.21270560000000002 0.20202160000000005 0.19133760000000008 0.1806536000000001]
LULU:
P/R: [12.227986218823842 12.547758001535602 12.884703474487363 13.240244311421158 13.615963557780127]
P/E: [133.66658654917606 170.29722785279344 234.58368018434936 376.8385830447758 957.4499328195269]
grossProfitRatio: [0.5310867000000001 0.5256852000000002 0.5202837000000002 0.5148822000000003 0.5094807000000003]
ebitdaratio: [0.15390330000000002 0.13109440000000006 0.10828550000000009 0.08547660000000012 0.06266770000000016]
operatingIncomeRatio: [0.09969010000000002 0.07504480000000005 0.05039950000000007 0.025754200000000088 0.001108900000000107]
incomeBeforeTaxRatio: [0.09954180000000001 0.07437120000000005 0.049200600000000067 0.02403000000000008 -0.0011405999999999084]
netIncomeRatio: [0.07116470000000004 0.05273220000000006 0.03429970000000007 0.01586720000000011 -0.002565299999999854]
SBUX:
P/R: [5.874366609353116 6.795680815861991 8.05974119102745 9.901516053003306 12.834366183868102]
P/E: [-31.048698211319476 -20.019742560886638 -14.772376499020694 -11.704511938361572 -9.691766860792786]
grossProfitRatio: [0.05731810000000004 0.0020432000000000783 -0.05323169999999988 -0.10850659999999984 -0.1637814999999998]
ebitdaratio: [-0.08787060000000008 -0.17218640000000007 -0.2565022000000001 -0.34081800000000007 -0.4251338]
operatingIncomeRatio: [-0.1754269999999999 -0.26720599999999994 -0.3589849999999999 -0.45076399999999983 -0.5425429999999998]
incomeBeforeTaxRatio: [-0.20227199999999995 -0.29826179999999997 -0.39425159999999987 -0.4902413999999999 -0.5862311999999998]
netIncomeRatio: [-0.1685759 -0.24737320000000002 -0.32617050000000003 -0.4049678 -0.48376509999999995]
WORK:
P/R: [16.05158733738067 14.940989216881356 13.9741289890046 13.124797997684444 12.37279423412007]
P/E: [100.72207780245833 39.383244862423844 24.476983591986098 17.7563420071935 13.931242827010767]
grossProfitRatio: [0.9040599 0.9216902000000001 0.9393205000000002 0.9569508000000003 0.9745811000000004]
ebitdaratio: [0.5547925 0.9984215999999999 1.4420506999999998 1.8856797999999997 2.3293088999999996]
operatingIncomeRatio: [0.5162255000000002 0.9728570000000001 1.4294885 1.8861199999999998 2.3427514999999994]
incomeBeforeTaxRatio: [0.4944955999999998 0.9392697999999997 1.3840439999999996 1.8288181999999995 2.273592399999999]
netIncomeRatio: [0.48318779999999983 0.9254265999999995 1.3676653999999993 1.809904199999999 2.2521429999999985]
DIS:
P/R: [4.365432084058037 5.094676522383905 6.11642371504556 7.650808000668098 10.212828635662623]
P/E: [-13.969316102470266 -10.38985048389536 -8.270608636774 -6.869434238152371 -5.8742428290514255]
grossProfitRatio: [0.3231999000000001 0.31148660000000017 0.2997733000000002 0.2880600000000002 0.2763467000000003]
ebitdaratio: [-0.19741370000000003 -0.2922393999999999 -0.38706509999999994 -0.48189079999999995 -0.5767165]
operatingIncomeRatio: [-0.3315028000000001 -0.4393520000000001 -0.5472012 -0.6550504 -0.7628996]
incomeBeforeTaxRatio: [-0.3205119 -0.4233284000000001 -0.5261449 -0.6289614000000001 -0.7317779]
netIncomeRatio: [-0.3279559999999999 -0.4284665999999999 -0.5289771999999999 -0.6294877999999999 -0.7299983999999999]
AMD:
P/R: [11.680637219406226 11.253111338480139 10.855776391942209 10.485543421736866 10.13973096425428]
P/E: [112.75135135135133 99.49194078947367 89.02295805739513 80.54740346205058 73.54541033434649]
grossProfitRatio: [0.46398600000000007 0.4733052000000001 0.4826244000000002 0.4919436000000002 0.5012628000000002]
ebitdaratio: [0.15869530000000004 0.17159860000000005 0.18450190000000005 0.19740520000000006 0.21030850000000006]
operatingIncomeRatio: [0.11835300000000001 0.1303584 0.14236380000000004 0.15436920000000004 0.16637460000000007]
incomeBeforeTaxRatio: [0.11589840000000001 0.13003860000000003 0.14417880000000002 0.15831900000000004 0.17245920000000003]
netIncomeRatio: [0.11054050000000001 0.12462840000000003 0.13871630000000001 0.15280420000000003 0.16689210000000004]
TSM:
P/R: []
P/E: []
grossProfitRatio: []
ebitdaratio: []
operatingIncomeRatio: []
incomeBeforeTaxRatio: []
netIncomeRatio: []
FB:
P/R: [10.357592564822262 10.165532556642153 9.980465583822575 9.802016543487216 9.629836688625845]
P/E: [31.544451697684035 29.71937057331794 28.09392791127496 26.637065857943906 25.323851202532033]
grossProfitRatio: [0.8016627000000001 0.7982226000000001 0.7947825000000002 0.7913424000000003 0.7879023000000004]
ebitdaratio: [0.4479964000000001 0.44798360000000015 0.44797080000000017 0.44795800000000024 0.4479452000000003]
operatingIncomeRatio: [0.3551489000000001 0.3566984000000002 0.35824790000000023 0.35979740000000027 0.36134690000000036]
incomeBeforeTaxRatio: [0.3586939 0.3586054000000001 0.35851690000000014 0.35842840000000015 0.3583399000000002]
netIncomeRatio: [0.3331021 0.3506672 0.36823230000000007 0.38579740000000007 0.40336250000000007]
ZEN:
P/R: [11.543306024426018 10.995300023888978 10.496967801682132 10.041848203365173 9.624554060818813]
P/E: [-55.120647201743374 -52.384195550957045 -49.90659433635237 -47.65277389964828 -45.593725938700224]
grossProfitRatio: [0.7677462 0.7801350000000001 0.7925238000000002 0.8049126000000003 0.8173014000000004]
ebitdaratio: [-0.1214411 -0.11944140000000002 -0.11744170000000002 -0.11544200000000004 -0.11344230000000005]
operatingIncomeRatio: [-0.1789308 -0.17327140000000005 -0.16761200000000007 -0.1619526000000001 -0.15629320000000013]
incomeBeforeTaxRatio: [-0.19593850000000002 -0.19281080000000006 -0.18968310000000008 -0.1865554000000001 -0.1834277000000001]
netIncomeRatio: [-0.20286560000000006 -0.2009862000000001 -0.1991068000000001 -0.19722740000000014 -0.1953480000000002]
PYPL:
P/R: [10.790594744121712 10.373349624465444 9.987170881915368 9.628713432736244 9.29509579777813]
P/E: [58.19741935483869 52.69426798101496 48.14196130753835 44.31366287995086 41.04937428896472]
grossProfitRatio: [0.4562270000000001 0.45868620000000015 0.4611454000000002 0.46360460000000026 0.4660638000000003]
ebitdaratio: [0.3081484 0.33020220000000006 0.35225600000000007 0.3743098000000001 0.3963636000000001]
operatingIncomeRatio: [0.13848870000000005 0.1345868000000001 0.1306849000000001 0.12678300000000012 0.12288110000000015]
incomeBeforeTaxRatio: [0.23778960000000005 0.25700980000000007 0.2762300000000001 0.2954502000000001 0.31467040000000013]
netIncomeRatio: [0.17516760000000003 0.18636300000000006 0.19755840000000005 0.20875380000000007 0.2199492000000001]
MSFT:
P/R: [10.145452138566881 9.87383442463926 9.616381189507296 9.372012602744975 9.139755875131526]
P/E: [37.85658414690841 39.34109630405023 40.946788048944 42.68912844036694 44.58633646650845]
grossProfitRatio: [0.6717984000000002 0.6688164000000003 0.6658344000000004 0.6628524000000005 0.6598704000000006]
ebitdaratio: [0.4629807000000001 0.45760140000000016 0.4522221000000002 0.4468428000000002 0.4414635000000003]
operatingIncomeRatio: [0.3555920000000001 0.3509864000000001 0.3463808000000001 0.34177520000000017 0.3371696000000002]
incomeBeforeTaxRatio: [0.3542032000000001 0.34836180000000017 0.3425204000000002 0.33667900000000023 0.3308376000000003]
netIncomeRatio: [0.26351630000000004 0.24259940000000002 0.22168250000000006 0.2007656000000001 0.17984870000000014]
CRM:
P/R: [9.986620747615742 9.5237777468028 9.10193659040197 8.715880026788275 8.361239942484778]
P/E: [26.350159082144234 21.007213681783245 17.465736835378323 14.946070764519304 13.061740107054101]
grossProfitRatio: [0.7391096 0.7359444000000002 0.7327792000000003 0.7296140000000003 0.7264488000000004]
ebitdaratio: [0.6783295 0.8070838000000001 0.9358381000000001 1.0645924 1.1933467]
operatingIncomeRatio: [0.004527400000000007 0.004218400000000009 0.0039094000000000125 0.0036004000000000153 0.003291400000000018]
incomeBeforeTaxRatio: [0.11713979999999999 0.1410578 0.1649758 0.1888938 0.2128118]
netIncomeRatio: [0.4009462999999999 0.502765 0.6045837000000001 0.7064024 0.8082210999999999]
CGC:
P/R: [12.522103829010732 11.094980415005653 9.95987048724172 9.035466206287662 8.268081716333946]
P/E: [-2.8142205201922983 -2.4968877710150594 -2.243868201297583 -2.037409402346268 -1.8657420705420646]
grossProfitRatio: [-0.26515311740154196 -0.31231965586269006 -0.3594861943238382 -0.4066527327849863 -0.4538192712461344]
ebitdaratio: [-7.472527601996006 -8.96349260399201 -10.454457605988017 -11.945422607984023 -13.436387609980029]
operatingIncomeRatio: [-4.353366701996006 -4.579523203992011 -4.805679705988016 -5.031836207984022 -5.257992709980028]
incomeBeforeTaxRatio: [-5.379546958428424 -5.5207077168568475 -5.66186847528527 -5.803029233713693 -5.944189992142117]
netIncomeRatio: [-4.5799541517501545 -4.56961010350031 -4.559266055250464 -4.548922007000619 -4.538577958750774]
UBER:
P/R: [5.422907982346909 5.879410719107368 6.4198352215574035 7.0696657539151975 7.865866954419881]
P/E: [-16.51428502676779 -38.781319944997335 111.32863124060192 22.856912557888275 12.735857521933614]
grossProfitRatio: [0.3602663892861999 0.37501103063441077 0.3897556719826217 0.4045003133308326 0.41924495467904344]
ebitdaratio: [-0.35086090000000014 -0.2313978000000002 -0.11193470000000028 0.007528399999999658 0.12699149999999948]
operatingIncomeRatio: [-0.3799177 -0.26101700000000017 -0.1421163000000002 -0.023215600000000225 0.09568509999999975]
incomeBeforeTaxRatio: [-0.43694639999999996 -0.3227778 -0.20860920000000005 -0.0944406000000001 0.019727999999999968]
netIncomeRatio: [-0.4098508999999999 -0.2898908 -0.1699307000000001 -0.0499706000000002 0.0699894999999997]
SQ:
P/R: [9.858419178902897 9.085225664911444 8.424494526543969 7.853352465169219 7.354735177574124]
P/E: [1181.657545648817 13947.439108208335 -1422.7313727505334 -676.8443767021114 -444.0466534170297]
grossProfitRatio: [0.3252193000000001 0.30742860000000016 0.2896379000000002 0.2718472000000003 0.25405650000000035]
ebitdaratio: [0.019070700000000024 0.006924000000000027 -0.005222699999999955 -0.017369399999999938 -0.02951609999999992]
operatingIncomeRatio: [0.01498610000000003 0.003661400000000037 -0.007663299999999942 -0.018987999999999935 -0.03031269999999993]
incomeBeforeTaxRatio: [0.016309700000000017 0.006111800000000028 -0.0040860999999999675 -0.01428399999999995 -0.02448189999999993]
netIncomeRatio: [0.01639530000000003 0.006361600000000037 -0.003672099999999942 -0.013705799999999935 -0.023739499999999927]
NKE:
P/R: [5.856725128352422 6.162415883849194 6.501774900689524 6.88068858613126 7.306500470296654]
P/E: [148.07325113464438 287.5335458284365 4943.253484848246 -325.38703125000154 -157.50952526552993]
grossProfitRatio: [0.40613248022632664 0.397514477099622 0.38889647397291743 0.3802784708462128 0.3716604677195082]
ebitdaratio: [0.039703900000000014 0.020340400000000036 0.0009769000000000305 -0.018386599999999947 -0.037750099999999925]
operatingIncomeRatio: [0.012515200000000004 -0.008262799999999973 -0.02904079999999995 -0.04981879999999994 -0.07059679999999993]
incomeBeforeTaxRatio: [0.012598100000000015 -0.009143399999999968 -0.030884899999999965 -0.05262639999999996 -0.07436789999999996]
netIncomeRatio: [0.006734900000000044 -0.013566399999999937 -0.03386769999999993 -0.0541689999999999 -0.07447029999999986]
NFLX:
P/R: [8.498632844839863 8.128832534044776 7.789872455670508 7.478049068046787 7.19022900687468]
P/E: [70.70645483931727 67.5131907665466 64.59589351986301 61.92027068054426 59.4574855462673]
grossProfitRatio: [0.42162697498247736 0.4269590370715935 0.4322910991607096 0.43762316124982575 0.4429552233389419]
ebitdaratio: [0.6202307185023999 0.6211650231279999 0.6220993277536 0.6230336323792001 0.6239679370048001]
operatingIncomeRatio: [0.22396385194720003 0.24114708993400003 0.2583303279208 0.27551356590760007 0.2926968038944001]
incomeBeforeTaxRatio: [0.13896711384320007 0.14124896730400008 0.1435308207648001 0.14581267422560013 0.14809452768640013]
netIncomeRatio: [0.11988669370240002 0.12004764212800002 0.12020859055360003 0.12036953897920004 0.12053048740480005]
GOOG:
P/R: [7.041981197953171 7.052939677525451 7.063932316644456 7.074959275281669 7.086020714409011]
P/E: [44.66182131710653 49.431485633923955 55.34170987057507 62.857161042568976 72.7345785424998]
grossProfitRatio: [0.5116327 0.5008278000000002 0.49002290000000015 0.47921800000000025 0.4684131000000003]
ebitdaratio: [0.25478940000000005 0.2365734000000001 0.21835740000000012 0.20014140000000014 0.18192540000000015]
operatingIncomeRatio: [0.1535137000000001 0.1364244000000001 0.11933510000000015 0.10224580000000019 0.08515650000000022]
incomeBeforeTaxRatio: [0.1675292 0.145915 0.12430079999999999 0.10268660000000002 0.08107240000000004]
netIncomeRatio: [0.15511350000000004 0.13952860000000006 0.1239437000000001 0.10835880000000013 0.09277390000000016]
PTON:
P/R: [10.913602027899126 9.422299272966765 8.289561770376663 7.399948811463268 6.682772098728153]
P/E: [95.75069653745646 64.54850432097558 48.68391975832646 39.07913809193687 32.6396982020548]
grossProfitRatio: [0.47966000000000003 0.4886955 0.49773100000000003 0.5067665 0.515802]
ebitdaratio: [0.24090299999999995 0.35536999999999996 0.46983699999999995 0.5843039999999999 0.6987709999999999]
operatingIncomeRatio: [0.20420749999999993 0.3177116999999999 0.43121589999999993 0.5447200999999999 0.6582242999999999]
incomeBeforeTaxRatio: [0.20876099999999997 0.3213618999999999 0.4339627999999999 0.5465636999999999 0.6591646]
netIncomeRatio: [0.20281649999999996 0.31360469999999996 0.42439289999999985 0.5351810999999999 0.6459692999999999]
SCHW:
P/R: [5.274982808138828 5.526012797694718 5.802129032258062 6.107289715249153 6.446331998615844]
P/E: [20.542351921865148 23.03937279151942 26.227443684633926 30.439507469654487 36.263306451612834]
grossProfitRatio: [0.9839159000000002 1.0013480000000001 1.0187801000000003 1.0362122000000005 1.0536443000000006]
ebitdaratio: [0.3480032000000002 0.3052422000000002 0.26248120000000025 0.2197202000000003 0.17695920000000037]
operatingIncomeRatio: [0.342802 0.3265466 0.31029120000000004 0.29403580000000007 0.27778040000000015]
incomeBeforeTaxRatio: [0.342802 0.3265466 0.31029120000000004 0.29403580000000007 0.27778040000000015]
netIncomeRatio: [0.25959970000000004 0.24668060000000008 0.23376150000000012 0.22084240000000016 0.20792330000000017]
SPOT:
P/R: [6.459256718771082 6.357310129430993 6.258531589178859 6.162775683996829 6.069905765130453]
P/E: [-45.69141619456681 -38.038941844132026 -32.582046521989525 -28.49437218727106 -25.31802638608625]
grossProfitRatio: [0.25418721522729154 0.253937134529249 0.25368705383120643 0.2534369731331639 0.2531868924351213]
ebitdaratio: [-0.26667509753764435 -0.32939576383893404 -0.39211643014022374 -0.45483709644151343 -0.5175577627428031]
operatingIncomeRatio: [-0.060556550612587884 -0.0734859979968039 -0.08641544538101992 -0.09934489276523593 -0.11227434014945195]
incomeBeforeTaxRatio: [-0.1798542020279547 -0.22249117511985417 -0.26512814821175357 -0.307765121303653 -0.3504020943955525]
netIncomeRatio: [-0.14443728413873821 -0.17346579503927614 -0.2024943059398141 -0.23152281684035203 -0.26055132774089]
TSLA:
P/R: [6.1838218488828245 5.344302402712263 4.705483127839065 4.203077614189659 3.797606316120247]
P/E: [312.28034022394485 265.4154282576866 230.78133354551235 204.14272240990985 183.0174028268551]
grossProfitRatio: [0.22737495450969056 0.23563762140666328 0.24390028830363597 0.25216295520060866 0.26042562209758136]
ebitdaratio: [0.15353789315120003 0.15904194143900005 0.16454598972680007 0.17005003801460006 0.17555408630240008]
operatingIncomeRatio: [0.06971692227776 0.07564020284720001 0.08156348341664002 0.08748676398608002 0.09341004455552002]
incomeBeforeTaxRatio: [0.031058261215839995 0.0330571515198 0.03505604182376 0.03705493212772 0.03905382243168]
netIncomeRatio: [0.0160052280108 0.0161068350135 0.0162084420162 0.016310049018900003 0.016411656021600003]
AMZN:
P/R: [4.347601031462038 4.101110513912223 3.8810703074168518 3.6834397300259973 3.5049612533764964]
P/E: [84.2111709362956 75.44610630008492 68.33364369930594 62.44666562232545 57.493565760036006]
grossProfitRatio: [0.3976979 0.3942274 0.3907569 0.3872864000000001 0.3838159000000001]
ebitdaratio: [0.1300388 0.13088860000000002 0.13173840000000003 0.13258820000000004 0.13343800000000006]
operatingIncomeRatio: [0.0639132 0.06810420000000002 0.07229520000000002 0.07648620000000003 0.08067720000000003]
incomeBeforeTaxRatio: [0.06567620000000002 0.07127940000000002 0.07688260000000002 0.08248580000000003 0.08808900000000003]
netIncomeRatio: [0.05183880000000002 0.05566260000000003 0.059486400000000036 0.06331020000000004 0.06713400000000005]
GRUB:
P/R: [3.7843317299755936 3.543370792621859 3.331258526969263 3.1431067545699367 2.975072607821339]
P/E: [-29.087936175928448 -23.923740203435056 -20.316756490123357 -17.654922751613576 -15.60978122798476]
grossProfitRatio: [0.9999999999999999 1 1 1.0000000000000002 1.0000000000000002]
ebitdaratio: [-0.09094930000000002 -0.13292319999999996 -0.17489709999999997 -0.21687099999999998 -0.2588449]
operatingIncomeRatio: [-0.17458600000000002 -0.21415040000000002 -0.2537148 -0.2932792 -0.3328436]
incomeBeforeTaxRatio: [-0.19027550000000001 -0.22933120000000004 -0.2683869 -0.3074426 -0.34649830000000004]
netIncomeRatio: [-0.1432426 -0.1733104 -0.2033782 -0.23344600000000001 -0.2635138]
YELP:
P/R: [1.8811463757551883 2.0652767316760747 2.2893642684076205 2.5679983169873686 2.9238549907232527]
P/E: [-12.07071906292034 -9.052685681460385 -7.241978820225635 -6.03488806223614 -5.172703470431031]
grossProfitRatio: [0.928481560505109 0.9261678781284948 0.9238541957518805 0.9215405133752663 0.919226830998652]
ebitdaratio: [-0.16160440000000006 -0.22847940000000003 -0.2953544 -0.36222940000000003 -0.42910440000000005]
operatingIncomeRatio: [-0.23209079999999999 -0.2983374 -0.36458399999999996 -0.43083059999999995 -0.4970771999999999]
incomeBeforeTaxRatio: [-0.23050610000000002 -0.2995312 -0.36855629999999995 -0.4375814 -0.5066065]
netIncomeRatio: [-0.15555999999999998 -0.203946 -0.252332 -0.30071799999999993 -0.34910399999999997]
INTC:
P/R: [2.504183577937241 2.533768084350577 2.564059972440236 2.595084920013669 2.6268698628990386]
P/E: [11.71346043791988 13.465018448601333 15.832514125243815 19.2101515955276 24.419751789604682]
grossProfitRatio: [0.5183576056464281 0.5013909649779409 0.4844243243094538 0.4674576836409667 0.45049104297247955]
ebitdaratio: [0.43535621889520004 0.41695302361900005 0.39854982834280006 0.3801466330666001 0.3617434377904002]
operatingIncomeRatio: [0.26812357746160004 0.2513666718270001 0.23460976619240015 0.2178528605578002 0.20109595492320026]
incomeBeforeTaxRatio: [0.25713440863440007 0.23226343579300013 0.2073924629516002 0.18252149011020025 0.1576505172688003]
netIncomeRatio: [0.21405328350000014 0.18998200437500018 0.16591072525000025 0.1418394461250003 0.11776816700000034]
CROX:
P/R: [2.5696478042506614 2.456046013721252 2.3520634303178536 2.2565279225943042 2.168450363225072]
P/E: [14.512137493881701 12.73303752119764 11.342514133846683 10.225796382806559 9.309260881685198]
grossProfitRatio: [0.5665487767319071 0.5823783122659907 0.5982078478000743 0.614037383334158 0.6298669188682416]
ebitdaratio: [0.22491057807019488 0.2524322725877436 0.27995396710529236 0.30747566162284107 0.3349973561403898]
operatingIncomeRatio: [0.20539084115487538 0.23363492644359424 0.2618790117323131 0.29012309702103195 0.3183671823097508]
incomeBeforeTaxRatio: [0.19974690283964 0.22826550354955003 0.25678410425946 0.28530270496937 0.31382130567928]
netIncomeRatio: [0.17684498830749495 0.19773406038436872 0.21862313246124246 0.2395122045381162 0.2604012766149899]
MU:
P/R: [2.3550059398099257 2.2557796251224826 2.164576888080072 2.080462350231757 2.002640588169266]
P/E: [14.281789073444067 12.789623655913978 11.579766347558007 10.579024607174622 9.737494883340155]
grossProfitRatio: [0.35064303279375936 0.36751420736303664 0.38438538193231386 0.4012565565015911 0.4181277310708683]
ebitdaratio: [0.4344833 0.44276420000000005 0.45104510000000014 0.4593260000000002 0.4676069000000002]
operatingIncomeRatio: [0.18919550000000002 0.2065284 0.22386129999999999 0.24119420000000003 0.2585271]
incomeBeforeTaxRatio: [0.18170340000000001 0.1970498 0.21239620000000003 0.22774260000000002 0.24308900000000003]
netIncomeRatio: [0.16561020000000004 0.18042140000000007 0.1952326000000001 0.2100438000000001 0.22485500000000014]
IBKR:
P/R: [1.5556781305727163 1.5997521160714279 1.646396240325145 1.695842068438295 1.7483498449990602]
P/E: [22.72428371707317 22.18322934285714 21.66734028837209 21.17490073636363 20.704347386666658]
grossProfitRatio: [0.9411472305905824 0.9865142331099145 1.0318812356292466 1.0772482381485786 1.1226152406679109]
ebitdaratio: [0.3117926 0.37790519999999994 0.4440178 0.5101304 0.576243]
operatingIncomeRatio: [0.4176382 0.40390640000000005 0.39017460000000015 0.3764428000000002 0.3627110000000002]
incomeBeforeTaxRatio: [0.4539462000000001 0.4667510000000001 0.47955580000000014 0.49236060000000015 0.5051654000000002]
netIncomeRatio: [0.06719040000000001 0.07004600000000001 0.07290160000000002 0.07575720000000002 0.07861280000000004]
MS:
P/R: [1.4380583493282149 1.4450255357886774 1.4520605609563229 1.4591644204851744 1.4663381296090423]
P/E: [6.796585507456728 6.442426222741966 6.1233482624472835 5.834385123349113 5.57146554031946]
grossProfitRatio: [0.8939483000000001 0.9368270000000002 0.9797057000000002 1.0225844000000004 1.0654631000000006]
ebitdaratio: [0.2404093000000001 0.18462480000000014 0.12884030000000019 0.07305580000000023 0.017271300000000323]
operatingIncomeRatio: [0.27371449999999997 0.29071840000000004 0.3077223 0.3247262000000001 0.34173010000000004]
incomeBeforeTaxRatio: [0.27371449999999997 0.29071840000000004 0.3077223 0.3247262000000001 0.34173010000000004]
netIncomeRatio: [0.20619430000000002 0.21730320000000006 0.22841210000000006 0.2395210000000001 0.2506299000000001]
BABA:
P/R: [1.0547939784374276 0.9247681680248807 0.8232812316800091 0.7418664941574631 0.6751049875799109]
P/E: [5.14316911872863 4.764718949885977 4.4381465085133875 4.153468962273755 3.9031104185603587]
grossProfitRatio: [0.411565513808474 0.40082701442764973 0.39008851504682546 0.3793500156660012 0.3686115162851769]
ebitdaratio: [0.33479544959795043 0.3545228617125292 0.37425027382710807 0.3939776859416868 0.41370509805626565]
operatingIncomeRatio: [0.16813784959795047 0.1611450617125293 0.15415227382710808 0.14715948594168687 0.1401666980562657]
incomeBeforeTaxRatio: [0.03534486230111955 -0.07348647710722367 -0.18231781651556678 -0.29114915592391 -0.3999804953322532]
netIncomeRatio: [0.1007246390492596 0.010564865554982372 -0.07959490793929491 -0.1697546814335722 -0.2599144549278495]
DELL:
P/R: [0.5161137483246597 0.5213036745929696 0.5265990386330477 0.5320030865053181 0.5375191988982515]
P/E: [-27.104354990583804 -12.327548179871526 -7.97805570953437 -5.897321245646386 -4.677417127071824]
grossProfitRatio: [0.31567270000000003 0.3160362000000001 0.3163997000000001 0.31676320000000013 0.3171267000000002]
ebitdaratio: [0.09729750000000002 0.10878280000000003 0.12026810000000004 0.13175340000000005 0.14323870000000005]
operatingIncomeRatio: [0.0494305 0.05452940000000001 0.059628300000000016 0.06472720000000001 0.06982610000000003]
incomeBeforeTaxRatio: [0.0226621 0.027936000000000006 0.0332099 0.0384838 0.0437577]
netIncomeRatio: [-0.017111499999999988 -0.03865679999999998 -0.06020209999999997 -0.08174739999999996 -0.10329269999999995]
SNOW:
P/R: [0 0 0 0 0]
P/E: [0 0 0 0 0]
grossProfitRatio: [0.957017302919888 1.0212406765806366 1.0854640502413853 1.1496874239021337 1.2139107975628822]
ebitdaratio: [0.33981437637358425 0.378277220364276 0.4167400643549677 0.45520290834565946 0.4936657523363511]
operatingIncomeRatio: [0.21799440334033462 0.26694495449555933 0.31589550565078406 0.3648460568060087 0.4137966079612334]
incomeBeforeTaxRatio: [0.24205068215145206 0.3142417656225942 0.3864328490937363 0.45862393256487843 0.5308150160360205]
netIncomeRatio: [0.05540404764319165 0.11342704535298345 0.17145004306277525 0.22947304077256706 0.28749603848235883]
DAL:
P/R: [-2.258944159623114 -0.9251390307570087 -0.5816819495486499 -0.4241985845129061 -0.3338206687552472]
P/E: [-0.613171520629866 -0.4874947670593865 -0.40457278991471524 -0.3457596923337953 -0.3018757522451625]
grossProfitRatio: [-0.02071036559425188 -0.13417912281985678 -0.2476478800454618 -0.3611166372710667 -0.4745853944966716]
ebitdaratio: [-5.87939961104 -7.211186838800001 -8.542974066560001 -9.87476129432 -11.20654852208]
operatingIncomeRatio: [-4.36383571104 -5.3960708388 -6.42830596656 -7.46054109432 -8.49277622208]
incomeBeforeTaxRatio: [-5.30828135232 -6.537038690399999 -7.7657960284800005 -8.99455336656 -10.22331070464]
netIncomeRatio: [-4.237280936535999 -5.215235195669999 -6.193189454803999 -7.171143713937999 -8.149097973072]
LEVI:
P/R: [2.4852357021816514 3.435708433413349 5.563429286882292 14.613533960660954 -23.317732166044795]
P/E: [-8.744542961916725 -6.496523193110539 -5.167960152410024 -4.2905307351292095 -3.6678019863279356]
grossProfitRatio: [0.4502327395258604 0.43270907070154296 0.41518540187722547 0.397661733052908 0.38013806422859053]
ebitdaratio: [-0.4166023 -0.529117 -0.6416316999999999 -0.7541463999999999 -0.8666611]
operatingIncomeRatio: [-0.41296169999999993 -0.5177407999999999 -0.6225198999999998 -0.7272989999999998 -0.8320780999999998]
incomeBeforeTaxRatio: [-0.44915039999999995 -0.5600135999999999 -0.6708767999999999 -0.7817399999999999 -0.8926031999999998]
netIncomeRatio: [-0.3652055999999999 -0.4564691999999998 -0.5477327999999998 -0.6389963999999998 -0.7302599999999998]
